124 853
28 32
28 31
29 31
31 33
32 34
33 37
33 40
33 35
34 37
35 37
36 40
36 40
39 44
40 42
40 42
41 48
41 46
41 44
41 44
42 47
42 49
43 47
44 47
45 49
46 50
47 52
47 49
48 51
50 54
51 55
52 56
53 58
56 59
57 61
57 60
58 60
58 62
60 62
60 64
61 68
62 63
64 67
65 65
65 69
65 72
68 70
69 76
69 73
70 75
70 72
72 77
73 75
74 78
74 76
74 75
75 82
76 78
76 80
77 80
77 81
78 79
78 79
80 82
81 85
82 84
83 84
83 87
84 86
84 87
85 90
88 94
91 94
92 94
92 98
95 97
95 99
96 97
97 99
97 99
98 103
99 100
100 102
100 103
101 105
102 104
102 105
103 111
106 107
107 111
108 110
108 111
110 115
113 115
114 115
115 120
117 119
117 123
120 123
121 122
122 122
123 127
123 128
124 126
124 129
125 129
126 126
126 128
127 131
135 139
135 139
135 137
135 137
136 139
138 142
138 140
139 140
139 143
140 144
142 145
143 144
145 146
147 148
148 150
160 162
7 13 42
36 40 25
33 39 55
59 59 5
59 59 16
57 58 18
47 49 21
46 49 26
43 47 49
44 47 19
41 44 29
40 44 29
31 36 41
29 31 6
22 26 56
18 21 56
16 18 11
12 15 36
11 15 46
10 13 16
5 9 36
4 7 16
1 2 10
50 52 41
56 58 56
54 55 26
49 52 58
49 50 4
48 49 19
47 49 29
46 48 4
44 47 28
43 46 38
38 41 23
35 38 23
33 37 44
31 35 44
33 35 14
12 14 19
5 8 19
3 4 4
40 43 25
42 43 5
31 35 72
8 13 48
52 54 46
12 13 10
42 44 15
16 19 50
1 2 -8
50 52 20
13 15 30
10 13 24
8 12 33
12 14 30
6 12 100000007
1 4 62
41 45 52
40 45 62
36 39 42
42 44 32
34 38 53
30 34 69
24 27 52
8 13 50
18 21 45
11 13 30
42 45 37
40 43 42
39 44 59
3 6 83
51 52 24
9 14 68
11 13 33
8 11 17
41 45 49
34 38 54
11 13 34
34 37 44
39 42 24
11 15 43
4 9 100000004
34 37 29
4 8 99999994
44 48 38
33 40 46
47 50 14
3 9 100000006
19 22 36
17 20 4
5 10 100000008
43 47 17
54 56 58
54 56 38
51 53 23
48 51 46
50 51 29
44 48 39
44 46 -6
44 46 4
39 45 59
40 43 19
34 40 59
33 35 55
21 22 4
15 18 41
16 18 16
12 16 56
16 19 53
14 17 23
13 16 28
14 15 6
11 14 21
8 10 6
1 3 -42
57 59 42
49 52 38
51 53 8
46 49 34
44 47 33
41 43 8
35 39 33
29 33 -10
15 18 36
19 22 34
15 17 24
13 16 44
9 11 19
7 11 34
1 6 100000025
0 3 108
44 46 7
40 42 22
28 32 37
26 28 22
24 26 7
55 57 29
51 53 -5
27 29 15
26 29 30
40 43 32
37 39 2
46 48 24
14 17 31
33 36 24
27 31 46
50 53 128
35 40 55
36 39 35
51 53 60
55 57 56
5 7 10
1 4 32
0 1 22
42 44 5
14 15 5
34 39 67
36 39 22
31 33 58
18 20 42
26 30 36
2 5 34
5 9 52
16 19 52
42 44 24
33 37 49
35 37 24
31 36 91
46 48 34
31 35 76
54 55 56
3 7 51
14 17 59
4 9 64
20 24 64
38 41 34
5 9 44
3 5 31
10 14 64
40 45 59
36 40 49
33 37 34
8 12 34
23 25 14
17 18 4
14 15 9
13 15 29
31 34 41
0 2 36
41 46 54
35 36 4
19 21 24
22 25 44
20 21 4
39 43 49
11 14 39
7 9 9
5 10 100000009
31 35 42
29 33 48
14 16 8
42 45 4
48 51 95
50 53 34
47 51 31
51 53 24
50 52 17
2 7 99999981
50 53 29
2 7 100000043
29 37 140
27 34 135
26 33 63
40 45 14
37 42 14
9 11 13
2 7 53
33 38 58
34 39 126
36 42 150
52 55 99
5 10 100000011
8 12 1
35 41 126
9 13 10
3 10 15
14 19 50
12 18 60
33 39 24
4 7 20
5 10 100000115
38 45 43
11 17 48
10 15 18
5 8 1
27 31 9
3 8 32
16 21 57
12 15 73
10 15 63
20 23 16
44 49 37
59 59 16
56 58 58
57 58 8
56 57 18
52 53 25
46 50 50
48 49 6
46 49 31
45 49 34
44 47 34
45 46 4
39 42 24
36 40 29
35 39 34
34 38 30
31 36 51
30 36 56
31 35 36
29 34 51
30 32 1
27 30 26
25 29 51
24 26 26
18 22 49
20 24 48
19 21 11
15 18 38
14 17 38
15 17 18
9 13 21
8 11 21
4 9 57
5 9 41
4 7 23
1 5 50
58 59 32
56 58 36
55 56 36
50 52 26
47 50 44
45 47 18
45 47 8
43 45 13
39 42 28
34 40 58
38 41 13
35 41 58
32 35 24
31 35 34
31 34 19
30 33 24
25 29 54
26 27 4
20 23 56
16 19 56
15 19 59
2 5 39
1 2 9
43 45 10
11 14 25
11 14 20
42 45 30
37 41 40
31 34 65
33 38 55
9 12 32
6 8 22
2 5 44
0 3 54
39 43 57
2 4 24
0 3 64
49 51 32
6 11 62
35 40 59
56 57 36
21 23 44
12 16 69
20 22 24
19 21 54
42 44 24
35 38 34
28 31 13
15 18 54
4 9 64
11 14 54
40 44 39
34 35 4
45 47 24
33 37 34
7 12 49
34 38 34
19 20 14
26 30 19
24 26 24
51 52 24
9 10 4
3 11 99999960
11 28 64
54 57 60
33 38 47
30 35 47
27 32 33
8 12 9
17 21 33
23 27 55
8 12 23
29 33 43
2 9 100000087
18 22 79
46 51 73
44 49 105
33 37 75
29 33 52
28 33 56
26 31 43
22 27 119
29 32 65
28 35 76
43 47 67
34 39 104
32 39 105
45 49 58
44 48 100
36 38 20
38 43 82
10 16 105
19 23 96
15 18 32
28 34 44
25 27 2
37 41 40
2 8 100000010
18 22 102
26 31 93
32 35 72
41 44 79
22 23 34
20 21 14
15 18 33
25 28 63
46 49 29
41 44 28
21 24 61
58 59 20
10 13 6
6 11 34
38 41 14
3 7 99999966
7 13 1
25 30 1
23 24 4
17 19 24
16 18 44
26 30 63
47 49 46
35 41 76
26 28 33
10 15 81
41 44 92
36 41 92
31 33 64
30 34 49
37 40 8
36 40 11
30 35 34
5 12 54
32 37 34
24 27 25
2 8 21
34 41 28
18 24 50
11 17 50
31 37 65
17 19 -2
42 44 37
25 28 98
24 26 89
22 24 40
21 22 20
10 15 39
32 37 25
8 13 -23
10 15 -11
4 8 99999936
35 38 46
26 28 26
4 10 100000049
8 12 100000037
3 8 100000026
26 30 40
5 11 100000046
54 56 119
42 48 96
31 35 57
30 34 40
10 13 70
3 9 100000080
27 31 41
28 35 129
29 33 30
29 31 4
7 12 14
4 11 100000018
28 32 -3
20 23 -12
15 18 30
5 13 50
31 38 80
31 35 78
52 54 78
1 5 99999959
9 14 26
3 10 58
41 46 25
35 43 54
47 51 36
55 57 44
35 42 119
18 22 62
8 14 132
28 32 40
26 32 45
20 22 30
17 19 10
15 17 10
12 14 10
52 53 26
57 58 72
46 47 15
44 50 4
28 35 5
25 32 4
33 40 4
8 15 54
23 31 4
26 35 4
41 47 4
20 28 61
7 31 49
54 56 40
22 25 3
32 38 22
31 34 34
13 16 23
9 14 39
49 51 36
47 50 23
31 36 27
39 46 50
24 27 10
3 8 100000028
34 39 18
35 37 -9
28 33 30
36 42 60
39 47 79
11 16 64
4 10 100000103
17 22 119
28 34 93
27 34 99
39 44 56
35 42 122
45 49 58
0 0 -15
17 23 38
10 15 77
54 56 31
51 54 52
2 8 100000018
16 19 44
15 18 17
40 44 55
7 8 99999963
27 30 38
11 12 54
11 13 118
15 18 13
26 33 64
33 39 32
30 38 59
28 34 14
52 54 46
1 4 99999992
39 44 54
11 14 34
38 41 32
6 13 100000084
33 38 51
7 12 51
7 10 8
29 32 5
40 45 42
33 37 6
42 47 40
38 42 16
37 42 34
23 28 69
20 24 74
42 48 84
53 55 75
22 26 79
30 36 106
29 35 87
27 34 78
3 7 -65
17 21 43
8 14 57
26 30 70
23 27 56
53 54 1
20 25 53
19 23 38
37 42 43
37 40 3
32 36 -1
33 36 26
30 35 57
29 32 3
25 30 63
22 27 48
22 26 43
18 21 33
17 21 33
16 20 53
23 28 110
14 18 60
27 35 128
19 22 51
18 21 51
42 48 91
24 30 25
30 35 36
7 12 70
7 11 20
10 14 40
10 15 36
15 18 61
30 35 85
11 14 40
39 41 4
33 38 22
12 17 73
9 14 130
1 5 100000060
43 49 136
26 33 137
4 9 100000029
10 16 111
20 25 91
42 48 114
28 34 71
26 31 93
22 26 101
28 33 74
27 33 84
31 34 24
0 2 -30
5 10 20
4 10 99999993
1 4 100000016
27 31 10
25 32 60
12 17 30
36 40 4
31 39 54
53 56 -8
17 21 76
17 20 76
19 23 61
28 35 83
27 33 73
40 43 53
17 19 3
27 31 70
32 35 17
39 46 55
39 45 34
30 37 52
30 33 7
28 32 17
15 19 47
17 22 52
17 20 6
20 25 16
48 52 6
42 48 34
42 47 14
36 42 12
26 33 65
42 49 4
13 19 44
24 35 69
31 36 126
18 20 8
13 17 48
35 39 -53
30 33 29
26 32 59
9 12 18
5 10 100000019
36 40 107
36 39 20
28 30 40
37 40 39
36 38 55
32 35 25
37 41 84
8 10 99999988
2 5 110
42 45 64
0 3 150
33 38 128
23 26 77
50 52 90
6 10 100000073
13 15 78
13 15 58
10 13 100000048
25 28 130
45 49 124
39 44 179
1 3 78
27 31 141
38 43 147
33 39 149
6 9 100000035
58 59 59
32 34 24
11 13 27
50 53 66
4 7 40
11 15 70
24 26 35
38 41 67
5 8 66
9 12 100000044
5 10 100000121
6 9 100000036
29 31 7
25 28 111
32 38 82
29 32 89
26 32 97
34 40 100
29 33 51
48 52 122
42 46 112
43 46 52
33 40 71
12 17 55
3 8 100000022
34 41 63
44 47 53
51 53 15
5 10 100000029
45 50 94
46 50 66
38 42 124
37 42 140
24 29 88
12 16 69
37 42 22
52 55 34
52 54 34
34 39 68
34 39 103
54 57 124
44 48 66
27 32 136
42 47 106
13 18 126
2 6 129
13 16 60
41 46 69
28 35 83
40 46 83
4 11 100000061
2 6 45
1 4 27
16 19 -3
8 14 36
53 55 11
52 54 27
23 25 8
33 38 23
27 31 68
2 5 80
0 2 36
25 29 34
31 35 9
30 35 59
38 44 29
15 18 13
14 17 23
7 11 100000039
35 39 52
4 7 86
24 26 47
32 36 43
1 4 105
27 32 120
4 10 83
5 11 83
32 38 97
28 33 78
7 12 99999988
15 17 26
29 31 28
43 48 46
30 32 23
39 43 100
43 45 28
58 59 53
30 32 -1
6 9 28
18 19 10
3 5 36
29 33 61
7 13 100000056
18 21 -5
12 15 65
49 52 75
40 45 64
41 45 54
42 45 94
31 37 163
26 28 49
51 53 39
47 49 15
41 44 43
36 39 18
11 13 17
33 36 13
26 29 31
24 29 60
28 29 31
23 27 60
33 38 10
31 32 0
26 30 87
29 34 66
26 31 135
11 13 18
28 33 115
26 28 52
39 42 69
43 45 32
38 43 77
27 29 63
34 38 47
53 55 11
54 57 51
20 23 17
18 19 8
14 18 17
15 18 7
27 32 37
31 34 62
23 26 42
46 50 72
46 50 63
16 21 106
36 40 12
38 43 48
39 43 123
32 35 12
40 45 111
38 43 77
5 10 100000006
28 32 15
54 55 10
41 44 25
44 48 128
41 45 73
24 28 130
29 32 50
22 26 110
23 25 30
38 43 54
43 47 81
39 45 111
40 44 40
28 34 47
42 45 47
29 32 13
29 33 92
27 31 134
28 33 173
28 32 42
33 37 83
28 34 121
28 30 89
10 15 94
10 16 96
8 13 28
27 32 38
16 18 91
11 14 62
33 38 104
48 51 102
44 49 37
0 3 16
21 22 11
0 4 61
5 11 99999997
56 57 5
13 23 55
14 29 57
17 28 37
